0.9
1.0
0.85
0.9
1.0
1.0
0.9334
1.0
1.0
1.0
0.8
0.7
0.95
0.75
0.85
1.0
0.8666
0.9
1.0
1.0
0.8
1.0
0.95
1.0
1.0
1.0
0.95
0.9
0.95
1.0
0.9
0.85
0.95
0.85
1.0
1.0
0.9
1.0
1.0
1.0
0.85
1.0
1.0
0.8
0.9
0.95
0.96
0.85
1.0
1.0
1.0
1.0
1.0
0.95
0.85
0.95
1.0
0.85
1.0
1.0
0.9
0.9
0.6
1.0
0.95
0.8
0.96
0.96
0.9
1.0
1.0
1.0
1.0
0.95
1.0
1.0
1.0
1.0
0.96
0.9199999999999999
0.6
0.95
0.9141999999999999
1.0
0.9428000000000001
1.0
1.0
1.0
0.9666
1.0
1.0
0.8
0.7
1.0
0.9
0.95
1.0
0.85
1.0
1.0
0.9
0.75
1.0
0.9334
0.9334
0.8
0.85
1.0
0.9334
0.9
0.95
0.8858
1.0
0.8400000000000001
0.95
1.0
0.95
0.8858
0.85
0.7
0.9
1.0
0.6
0.9
1.0
1.0
0.8
1.0
0.9141999999999999
1.0
1.0
0.96
1.0
1.0
0.85
0.8858
0.9141999999999999
0.95
1.0
1.0
1.0
0.6
0.85
1.0
0.8
1.0
0.8
0.8
0.8800000000000001
0.85
1.0
0.6799999999999999
0.95
0.6799999999999999
0.96
0.95
0.95
0.6
0.85
1.0
0.65
0.95
0.9
0.9334
0.8333999999999999
0.9
0.9
0.9
1.0
0.9
0.65
0.9334
0.95
0.95
1.0
0.96
0.85
0.9
0.7
0.9
1.0
0.9334
0.95
0.8
0.8
0.9
0.8858
0.85
0.8800000000000001
0.9199999999999999
0.7666000000000001
1.0
1.0
1.0
0.8
0.7428
0.8666
1.0
1.0
1.0
1.0
1.0
0.9
1.0
1.0
0.8333999999999999
0.9
0.8333999999999999
0.9
0.85
1.0
0.8400000000000001
0.8
0.9
0.7
0.8333999999999999
1.0
0.75
0.9
0.95
0.65
0.65
1.0
1.0
1.0
1.0
0.65
1.0
1.0
0.85
1.0
1.0
0.9
0.95
1.0
1.0
0.9
0.9
1.0
0.9
0.95
0.85
0.85
1.0
0.95
1.0
0.8
0.95
1.0
0.85
0.8333999999999999
0.95
0.85
1.0
0.9
0.9
0.85
0.7666000000000001
0.8
0.95
0.95
0.8333999999999999
0.9141999999999999
0.8
1.0
0.95
0.85
0.85
0.75
0.9
0.95
1.0
1.0
0.9
0.9
0.85
1.0
0.95
0.95
0.9428000000000001
1.0
0.8
0.9334
0.85
1.0
1.0
0.9334
0.96
0.95
0.9141999999999999
0.8666
0.9334
1.0
0.7428
0.85
0.3
0.95
1.0
0.9
1.0
1.0
1.0
0.95
0.8333999999999999
1.0
0.9199999999999999
0.9428000000000001
0.75
1.0
1.0
1.0
1.0
0.9334
0.96
0.6
0.9
1.0
1.0
0.9
0.9
0.8333999999999999
1.0
0.95
1.0
1.0
0.75
0.8858
1.0
0.7666000000000001
1.0
1.0
0.8
0.8
0.8858
0.95
0.85
0.8
0.96
0.96
0.8
0.8
0.9334
1.0
0.95
1.0
0.95
1.0
0.8800000000000001
1.0
1.0
1.0
1.0
0.9428000000000001
0.7428
0.85
0.95
0.8
0.8
1.0
0.9199999999999999
1.0
1.0
1.0
0.75
1.0
0.95
0.8333999999999999
0.9
1.0
1.0
0.9141999999999999
0.85
0.8
1.0
0.6
0.55
1.0
1.0
1.0
0.8
0.9
0.9
1.0
0.55
0.95
1.0
0.8333999999999999
0.85
0.9
0.95
0.9
0.95
0.5
1.0
0.9666
1.0
0.8666
0.95
0.6
0.9
0.9
1.0
0.9141999999999999
1.0
0.7
0.8333999999999999
1.0
1.0
1.0
0.8
0.95
0.7
0.8
0.95
0.95
0.95
0.8800000000000001
1.0
0.8800000000000001
0.9334
0.9
0.9
0.9
0.9334
0.75
0.75
1.0
1.0
0.9334
0.85
0.85
1.0
0.95
1.0
0.9
0.6
1.0
1.0
0.85
0.8
1.0
1.0
0.8858
0.85
0.8858
0.85
0.9428000000000001
1.0
1.0
0.96
0.95
0.9
0.85
0.85
1.0
0.95
1.0
0.8
0.7666000000000001
0.8
1.0
1.0
0.9334
0.9
1.0
0.9
1.0
0.8
0.9
0.8
0.75
0.44000000000000006
0.9
0.95
0.95
0.8
1.0
0.1
0.9
1.0
0.85
0.95
1.0
0.95
0.65
0.95
0.85
0.95
0.95
0.9
1.0
1.0
0.9
0.6
0.6799999999999999
0.9
0.76
0.5666
0.95
0.95
0.9
1.0
0.85
1.0
0.72
0.1
0.44000000000000006
1.0
1.0
0.9334
0.95
0.85
1.0
1.0
0.95
0.9
0.95
0.9
0.5
0.35
0.55
0.45
1.0
0.75
0.8
0.8
0.95
1.0
1.0
0.9
0.85
1.0
1.0
0.95
0.9
1.0
1.0
0.96
1.0
0.6799999999999999
1.0
1.0
1.0
1.0
0.75
1.0
0.9199999999999999
0.95
0.96
0.8
0.75
0.9428000000000001
1.0
0.9199999999999999
0.64
0.9
0.8
0.6
0.9199999999999999
0.45
0.8
0.8800000000000001
0.5666
0.55
0.95
1.0
1.0
1.0
0.75
0.85
0.95
1.0
0.9
0.8800000000000001
1.0
0.95
0.9199999999999999
0.75
0.95
0.95
1.0
0.45
0.9
0.95
0.95
0.96
0.85
0.5
1.0
1.0
1.0
0.7
0.85
0.85
0.8
0.05
0.85
1.0
0.75
0.75
1.0
0.55
0.95
0.35
0.9
0.7
0.9
0.95
1.0
1.0
0.95
0.8
1.0
1.0
0.9
1.0
0.95
1.0
1.0
0.95
0.85
0.85
0.95
1.0
0.9
0.7
0.55
0.75
0.7
1.0
0.9
0.95
1.0
0.8800000000000001
0.85
0.9
0.95
0.85
0.76
0.9
0.9
0.85
1.0
0.85
0.9
0.9
0.95
0.95
0.95
0.5
0.9
0.7
0.8800000000000001
0.85
0.75
0.95
0.95
0.95
0.85
1.0
0.5666
1.0
1.0
0.95
0.95
0.7
1.0
0.95
0.8
1.0
0.85
0.96
1.0
0.9334
1.0
0.85
0.8
1.0
0.05
1.0
0.72
0.85
0.95
0.85
1.0
1.0
1.0
0.9428000000000001
0.75
0.9199999999999999
0.9
0.95
0.4
1.0
0.75
1.0
1.0
0.95
1.0
0.95
0.8
1.0
0.9428000000000001
0.65
0.95
0.8
0.6
0.9
0.9
1.0
1.0
0.95
0.75
0.8
0.9
0.8
0.95
0.85
0.95
0.8
0.55
1.0
0.45
0.75
1.0
0.7
0.95
0.9428000000000001
0.7
0.65
1.0
1.0
1.0
0.75
0.8
1.0
0.85
0.75
0.8
0.7
0.96
0.8
1.0
0.85
1.0
0.96
0.95
0.9
0.8
1.0
0.9199999999999999
0.95
1.0
1.0
0.9
0.9
1.0
0.7
0.95
0.7
0.9
0.85
1.0
0.5
0.85
0.85
0.8800000000000001
0.95
0.96
0.75
1.0
0.95
0.95
0.8400000000000001
1.0
0.9199999999999999
0.95
0.95
0.9
0.65
0.8800000000000001
0.9
0.9
0.8
0.8666
1.0
1.0
1.0
0.95
0.95
1.0
0.8
0.95
0.9
0.9
0.85
0.95
1.0
0.95
0.85
0.72
0.72
0.55
1.0
0.75
0.8400000000000001
0.7
0.8
1.0
1.0
1.0
1.0
1.0
1.0
0.95
0.85
1.0
0.9
0.65
1.0
0.9
0.9
0.96
1.0
0.9
1.0
0.95
1.0
0.95
1.0
0.8
0.95
1.0
0.75
0.95
0.45
1.0
0.9
0.9
0.9334
1.0
0.85
0.9334
1.0
0.95
1.0
0.8
0.9
0.45
0.75
1.0
0.6
0.95
0.95
0.9
0.2
0.65
0.7
0.8400000000000001
0.85
0.96
0.96
0.8
0.96
0.75
0.96
0.8
0.96
0.96
0.8400000000000001
0.9
0.8
0.8
0.8
0.76
1.0
0.96
0.96
0.8800000000000001
0.7
0.96
0.6
1.0
0.8800000000000001
0.6
0.6799999999999999
0.72
0.9199999999999999
0.8800000000000001
0.8400000000000001
0.96
0.8400000000000001
0.72
0.8800000000000001
0.9199999999999999
0.9199999999999999
0.8
0.96
0.8800000000000001
1.0
1.0
0.8
0.96
0.72
1.0
0.8400000000000001
1.0
0.8400000000000001
0.9714
0.9334
0.8
0.8800000000000001
0.8800000000000001
0.9199999999999999
0.76
0.5599999999999999
0.9199999999999999
0.9199999999999999
0.65
0.8
0.85
1.0
0.96
0.8800000000000001
0.8400000000000001
0.6799999999999999
0.85
0.95
1.0
0.85
0.9199999999999999
0.64
0.96
0.9199999999999999
0.64
0.8
0.8
1.0
0.96
0.8400000000000001
0.8
0.96
0.76
1.0
0.8400000000000001
0.8
0.9800000000000001
0.8800000000000001
0.8400000000000001
0.8800000000000001
0.2
0.8400000000000001
0.64
1.0
0.9199999999999999
0.8
1.0
1.0
0.9199999999999999
0.8400000000000001
0.76
0.96
0.9199999999999999
1.0
0.8800000000000001
0.8800000000000001
0.8800000000000001
1.0
0.7142000000000001
0.72
0.72
0.8800000000000001
0.96
0.8
0.8800000000000001
1.0
0.9199999999999999
0.48
0.27999999999999997
0.9199999999999999
0.9
0.75
1.0
0.8
0.8800000000000001
0.96
0.8400000000000001
0.76
0.76
0.8400000000000001
0.8400000000000001
0.72
0.85
0.8
0.95
0.9199999999999999
0.8800000000000001
0.8800000000000001
0.8400000000000001
0.6799999999999999
0.8
0.72
0.8800000000000001
0.8
0.76
1.0
0.9199999999999999
0.64
0.8
0.0
0.76
1.0
0.8400000000000001
0.8400000000000001
0.9199999999999999
1.0
0.8800000000000001
0.36
0.5599999999999999
1.0
0.9714
0.8
1.0
0.76
0.6799999999999999
0.8800000000000001
0.9199999999999999
0.96
0.76
0.0
1.0
0.9199999999999999
1.0
0.9199999999999999
0.7
0.75
0.75
1.0
0.72
0.9199999999999999
0.8
1.0
0.96
0.8800000000000001
0.9199999999999999
0.96
0.8800000000000001
0.8400000000000001
0.8800000000000001
0.96
0.96
0.96
0.96
0.96
1.0
0.96
1.0
0.9199999999999999
0.6799999999999999
0.72
0.96
0.8400000000000001
1.0
0.8
1.0
1.0
0.8400000000000001
0.8800000000000001
0.8400000000000001
1.0
1.0
0.8800000000000001
0.8
1.0
0.96
0.8
1.0
0.8800000000000001
0.875
0.72
0.95
0.9
0.9
0.9
0.9199999999999999
1.0
0.9199999999999999
0.9199999999999999
0.75
1.0
0.75
0.85
0.9199999999999999
0.9199999999999999
0.0
0.8
0.9199999999999999
0.9199999999999999
1.0
0.8400000000000001
0.96
0.8800000000000001
0.8800000000000001
0.96
0.96
0.9199999999999999
1.0
0.9199999999999999
0.9199999999999999
0.9199999999999999
0.96
0.96
0.8800000000000001
1.0
0.8400000000000001
1.0
1.0
0.96
0.96
0.8
1.0
0.6799999999999999
0.8
0.8800000000000001
0.8800000000000001
0.9199999999999999
0.9
0.64
0.9714
0.8
0.8221999999999999
0.9199999999999999
0.8400000000000001
1.0
0.8
0.8400000000000001
0.96
1.0
0.8800000000000001
0.76
0.72
1.0
0.96
0.9199999999999999
0.8400000000000001
0.8800000000000001
0.9666
0.96
1.0
0.5599999999999999
0.64
0.76
0.8
0.0
0.96
0.8400000000000001
0.72
0.96
0.8400000000000001
0.64
0.32
0.8400000000000001
0.8800000000000001
1.0
0.8
0.8800000000000001
0.8400000000000001
1.0
0.8
0.8400000000000001
1.0
0.8
1.0
0.9199999999999999
1.0
0.96
0.76
0.6799999999999999
1.0
0.52
0.6799999999999999
0.64
0.76
1.0
0.8
0.8800000000000001
0.6799999999999999
0.8400000000000001
0.9199999999999999
0.8
0.8
0.8
0.0
0.5599999999999999
0.8800000000000001
0.8400000000000001
0.9199999999999999
0.8333999999999999
0.8400000000000001
0.64
0.8400000000000001
0.9199999999999999
0.64
0.9199999999999999
0.96
0.8800000000000001
0.8800000000000001
0.9334
0.8800000000000001
0.96
0.76
0.96
0.8
0.9199999999999999
0.9199999999999999
1.0
0.95
0.96
0.95
0.9666
0.96
0.9199999999999999
0.9428000000000001
0.9199999999999999
0.8400000000000001
0.96
0.72
0.9199999999999999
1.0
0.9199999999999999
0.9199999999999999
0.9199999999999999
0.8400000000000001
0.9199999999999999
0.8400000000000001
0.8400000000000001
0.85
0.9
0.8
1.0
0.8400000000000001
0.9199999999999999
0.8
1.0
0.9
0.9
0.85
0.95
0.85
0.75
0.8
0.9
1.0
0.72
0.8800000000000001
1.0
0.6
0.8
0.8400000000000001
0.8400000000000001
0.9141999999999999
0.9199999999999999
0.8400000000000001
0.9199999999999999
0.96
0.9199999999999999
0.96
0.96
0.8800000000000001
1.0
0.9199999999999999
0.8
0.8400000000000001
1.0
0.9
0.9199999999999999
1.0
0.85
0.8
0.65
1.0
1.0
0.72
1.0
0.9
1.0
0.95
0.64
0.8
0.9199999999999999
0.76
0.8400000000000001
0.76
0.8
0.9199999999999999
0.8800000000000001
0.9199999999999999
0.8800000000000001
0.8800000000000001
0.65
0.75
0.85
0.85
0.8400000000000001
0.96
0.6799999999999999
0.9199999999999999
0.9199999999999999
0.96
0.76
0.9199999999999999
0.96
0.8400000000000001
0.8
0.8
0.95
0.7
0.8800000000000001
0.76
0.8
0.9199999999999999
1.0
0.9199999999999999
0.8800000000000001
0.96
0.9199999999999999
0.96
0.8
0.8800000000000001
0.96
0.8800000000000001
0.96
0.8400000000000001
0.9199999999999999
0.96
0.8800000000000001
0.8400000000000001
0.96
0.96
0.96
0.8400000000000001
0.9199999999999999
0.72
0.72
0.8800000000000001
0.9199999999999999
0.9199999999999999
0.96
0.96
0.8800000000000001
0.9199999999999999
0.8800000000000001
0.8
0.96
0.8800000000000001
0.8800000000000001
0.8800000000000001
0.4
0.8800000000000001
0.96
0.96
0.8800000000000001
0.8
0.8
0.8400000000000001
0.85
0.76
0.8800000000000001
0.8800000000000001
0.9199999999999999
0.96
0.76
0.8
0.6799999999999999
0.8800000000000001
1.0
1.0
0.8400000000000001
0.9199999999999999
0.8400000000000001
0.8800000000000001
0.8800000000000001
0.8800000000000001
0.9199999999999999
0.8800000000000001
0.8800000000000001
0.9199999999999999
0.5599999999999999
0.9199999999999999
0.96
0.85
0.96
0.72
1.0
0.8800000000000001
0.8800000000000001
0.8400000000000001
0.9199999999999999
0.0
0.48
0.8800000000000001
0.8400000000000001
0.5599999999999999
0.96
0.96
0.6799999999999999
0.9199999999999999
0.8
0.8800000000000001
0.8800000000000001
0.9199999999999999
0.8
0.6799999999999999
0.8400000000000001
1.0
0.8800000000000001
0.8400000000000001
0.8400000000000001
0.76
0.72
0.8800000000000001
0.9199999999999999
0.64
0.8800000000000001
0.9199999999999999
0.96
0.76
0.96
0.9199999999999999
0.96
0.8400000000000001
0.8800000000000001
0.96
0.9199999999999999
0.5
0.96
0.8800000000000001
1.0
0.76
0.8800000000000001
0.8800000000000001
0.8800000000000001
0.6799999999999999
1.0
0.76
0.9199999999999999
0.9199999999999999
0.96
1.0
0.8400000000000001
0.8800000000000001
0.8400000000000001
0.96
1.0
0.96
1.0
0.96
0.8
1.0
1.0
0.8800000000000001
0.9199999999999999
0.8800000000000001
0.9199999999999999
0.8400000000000001
0.8
0.9199999999999999
0.72
0.8800000000000001
0.72
0.96
0.8800000000000001
0.9199999999999999
1.0
0.96
0.9199999999999999
0.9199999999999999
0.8800000000000001
0.96
0.96
0.96
0.8400000000000001
0.8800000000000001
0.9199999999999999
0.8400000000000001
0.8800000000000001
0.8400000000000001
1.0
1.0
0.64
1.0
0.6799999999999999
1.0
1.0
1.0
0.8400000000000001
0.76
0.9199999999999999
0.64
0.6799999999999999
0.8
1.0
0.76
0.8800000000000001
0.8800000000000001
0.9199999999999999
0.8800000000000001
0.96
0.8400000000000001
0.9199999999999999
1.0
0.8800000000000001
0.8400000000000001
0.8800000000000001
0.6
0.96
0.8400000000000001
0.8800000000000001
0.8400000000000001
0.96
0.9199999999999999
0.8800000000000001
0.9199999999999999
0.76
0.9199999999999999
0.96
0.96
0.76
0.8400000000000001
0.8800000000000001
0.8800000000000001
0.9199999999999999
0.9199999999999999
0.9199999999999999
0.8800000000000001
0.9199999999999999
0.8800000000000001
0.9199999999999999
0.8800000000000001
1.0
0.9199999999999999
0.9199999999999999
1.0
0.96
1.0
1.0
0.8400000000000001
0.8800000000000001
0.8
0.96
0.72
0.75
0.95
0.7
0.9
0.6
0.76
0.0
0.96
0.96
0.8400000000000001
0.9199999999999999
1.0
0.96
1.0
0.76
0.96
1.0
0.76
0.9199999999999999
0.9199999999999999
1.0
0.8800000000000001
0.96
0.8800000000000001
0.8400000000000001
0.8400000000000001
1.0
0.9199999999999999
0.8400000000000001
0.76
1.0
0.9199999999999999
0.72
0.96
1.0
1.0
1.0
0.96
1.0
0.96
0.16
0.6
0.0
1.0
0.4
0.6
1.0
0.8
0.4
0.4
0.2
0.4
1.0
0.6
0.8
0.6
1.0
0.2
0.2
0.4
0.6
0.2
0.2
1.0
1.0
0.8
0.6
0.4
0.6
1.0
0.4
1.0
0.4
0.6
0.8
0.6
1.0
0.4
0.8
0.0
1.0
0.0
1.0
0.6
0.8
0.2
0.0
0.0
1.0
0.2
0.4
0.2
0.6
1.0
0.6
0.2
1.0
1.0
0.8
0.6
0.2
0.0
0.8
1.0
0.8
0.0
0.0
0.8
0.6
0.6
0.8
1.0
0.0
1.0
1.0
1.0
0.4
0.6
0.6
0.4
0.6
0.0
0.0
0.2
1.0
0.2
0.4
0.8
0.4
0.0
1.0
0.8
1.0
0.6
1.0
0.6
0.8
0.6
0.4
0.2
1.0
0.6
0.4
0.6
0.8
0.6
0.2
0.4
1.0
0.8
0.8
0.4
0.2
0.6
0.2
0.2
1.0
0.0
0.6
0.6
0.0
0.6
0.8
0.4
1.0
0.8
0.2
0.2
0.0
0.8
0.0
0.8
0.0
0.2
1.0
0.6
0.2
0.0
0.4
0.6
0.6
0.4
0.4
0.6
1.0
0.8
0.8
0.2
0.4
0.6
0.2
0.2
0.6
0.0
0.0
0.8
1.0
0.4
0.0
0.8
0.4
1.0
0.0
1.0
0.8
0.4
0.2
0.0
0.0
0.4
0.6
0.8
0.6
0.8
0.4
0.0
0.4
0.0
0.8
0.8
0.6
0.8
0.4
0.0
0.0
0.8
0.4
0.2
0.0
0.2
0.0
0.0
0.8
0.8
0.0
1.0
1.0
0.6
0.2
0.2
0.8
1.0
0.8
0.0
0.6
0.4
0.8
0.2
1.0
0.0
0.4
0.2
1.0
0.0
0.2
0.8
0.0
0.4
0.2
0.2
0.6
0.0
0.4
1.0
0.4
0.6
1.0
0.0
0.2
1.0
0.2
0.4
0.6
0.0
0.2
0.0
0.4
0.8
0.2
1.0
0.8
0.0
0.2
0.2
0.0
